0000000001111100
0000000001001111
1111111110111000
1111111110000000
1111111111110000
0000000001110011
0000000001100101
1111111111011000
1111111101111101
1111111111000001
0000000001001111
0000000010000000
0000000000011101
1111111110011001
1111111110001001
1111111111111100
0000000001110010
0000000001101110
1111111111110111
1111111110001001
1111111110010101
0000000000001011
0000000001110101
0000000001101111
0000000000000000
1111111110010010
1111111110001000
1111111111101010
0000000001011110
0000000010000001
0000000000110111
1111111111000000
1111111101111110
1111111110100011
0000000000010000
0000000001110000
0000000001111011
0000000000101101
1111111110111111
1111111101111111
1111111110011001
1111111111110111
0000000001011010
0000000010000011
0000000001011010
1111111111111010
1111111110011111
1111111101111101
1111111110100110
0000000000000000
0000000001011001
0000000010000011
0000000001101001
0000000000011011
1111111111000001
1111111110000110
1111111110000100
1111111110111001
0000000000001100
0000000001011010
0000000010000001
0000000001110101
0000000000111100
1111111111101101
1111111110100110
1111111110000000
1111111110000110
1111111110110011
1111111111111001
0000000000111111
0000000001110010
0000000010000011
0000000001110000
0000000001000000
0000000000000000
1111111111000001
1111111110010011
1111111101111110
1111111110000101
1111111110100110
1111111111011000
0000000000010001
0000000001000101
0000000001101100
0000000010000001
0000000010000000
0000000001101100
0000000001001010
0000000000011110
1111111111110000
1111111111000100
1111111110100001
1111111110001001
1111111101111110
1111111101111111
1111111110001100
1111111110100010
1111111110111111
1111111111011111
0000000000000000
0000000000100000
0000000000111101
0000000001010101
0000000001101001
0000000001110111
0000000001111111
0000000010000011
0000000010000010
0000000001111110
0000000001110111
0000000001101101
0000000001100010
0000000001010111
0000000001001011
0000000000111111
0000000000110100
0000000000101001
0000000000100000
0000000000011000
0000000000010000
0000000000001011
0000000000000110
0000000000000011
0000000000000001
0000000000000000
0000000000000001
0000000000000011
0000000000000110
0000000000001011
0000000000010000
0000000000011000
0000000000100000
0000000000101001
0000000000110100
0000000000111111
0000000001001011
0000000001010111
0000000001100010
0000000001101101
0000000001110111
0000000001111110
0000000010000010
0000000010000011
0000000001111111
0000000001110111
0000000001101001
0000000001010101
0000000000111101
0000000000100000
0000000000000000
1111111111011111
1111111110111111
1111111110100010
1111111110001100
1111111101111111
1111111101111110
1111111110001001
1111111110100001
1111111111000100
1111111111110000
0000000000011110
0000000001001010
0000000001101100
0000000010000000
0000000010000001
0000000001101100
0000000001000101
0000000000010001
1111111111011000
1111111110100110
1111111110000101
1111111101111110
1111111110010011
1111111111000001
0000000000000000
0000000001000000
0000000001110000
0000000010000011
0000000001110010
0000000000111111
1111111111111001
1111111110110011
1111111110000110
1111111110000000
1111111110100110
1111111111101101
0000000000111100
0000000001110101
0000000010000001
0000000001011010
0000000000001100
1111111110111001
1111111110000100
1111111110000110
1111111111000001
0000000000011011
0000000001101001
0000000010000011
0000000001011001
0000000000000000
1111111110100110
1111111101111101
1111111110011111
1111111111111010
0000000001011010
0000000010000011
0000000001011010
1111111111110111
1111111110011001
1111111101111111
1111111110111111
0000000000101101
0000000001111011
0000000001110000
0000000000010000
1111111110100011
1111111101111110
1111111111000000
0000000000110111
0000000010000001
0000000001011110
1111111111101010
1111111110001000
1111111110010010
0000000000000000
0000000001101111
0000000001110101
0000000000001011
1111111110010101
1111111110001001
1111111111110111
0000000001101110
0000000001110010
1111111111111100
1111111110001001
1111111110011001
0000000000011101
0000000010000000
0000000001001111
1111111111000001
1111111101111101
1111111111011000
0000000001100101
0000000001110011
1111111111110000
1111111110000000
1111111110111000
0000000001001111
0000000001111100
0000000000000000
