0000000000101001
1111111110011000
1111111110010011
0000000000011110
0000000010000010
0000000000111110
1111111110101100
1111111110000011
1111111111110100
0000000001110011
0000000001101000
1111111111100100
1111111110000000
1111111110101111
0000000000111000
0000000010000011
0000000001000000
1111111110111001
1111111101111101
1111111111001000
0000000001001011
0000000010000011
0000000000111010
1111111110111010
1111111101111101
1111111110111001
0000000000110101
0000000010000001
0000000001011011
1111111111100111
1111111110001001
1111111110001101
1111111111101111
0000000001011101
0000000010000010
0000000001000100
1111111111010100
1111111110000101
1111111110001110
1111111111100111
0000000001010000
0000000010000011
0000000001011111
1111111111111111
1111111110100000
1111111101111101
1111111110101000
0000000000000110
0000000001011111
0000000010000011
0000000001100000
0000000000001011
1111111110110001
1111111110000000
1111111110001101
1111111111010001
0000000000101001
0000000001101110
0000000010000010
0000000001100000
0000000000010110
1111111111000101
1111111110001011
1111111101111110
1111111110100000
1111111111100100
0000000000101111
0000000001101010
0000000010000011
0000000001110011
0000000001000001
1111111111111110
1111111110111100
1111111110001101
1111111101111101
1111111110001101
1111111110111000
1111111111110010
0000000000101110
0000000001100000
0000000001111101
0000000010000010
0000000001101111
0000000001001010
0000000000011001
1111111111100101
1111111110110110
1111111110010100
1111111110000000
1111111101111110
1111111110001011
1111111110100110
1111111111001001
1111111111110001
0000000000011001
0000000000111101
0000000001011011
0000000001110010
0000000001111111
0000000010000011
0000000001111111
0000000001110100
0000000001100100
0000000001001111
0000000000111000
0000000000100000
0000000000001000
1111111111110001
1111111111011011
1111111111001000
1111111110111000
1111111110101001
1111111110011110
1111111110010100
1111111110001101
1111111110001000
1111111110000100
1111111110000001
1111111101111111
1111111101111110
1111111101111101
1111111101111101
1111111101111101
1111111101111101
1111111101111101
1111111101111101
1111111101111101
1111111101111101
1111111101111101
1111111101111110
1111111101111111
1111111110000001
1111111110000100
1111111110001000
1111111110001101
1111111110010100
1111111110011110
1111111110101001
1111111110111000
1111111111001000
1111111111011011
1111111111110001
0000000000001000
0000000000100000
0000000000111000
0000000001001111
0000000001100100
0000000001110100
0000000001111111
0000000010000011
0000000001111111
0000000001110010
0000000001011011
0000000000111101
0000000000011001
1111111111110001
1111111111001001
1111111110100110
1111111110001011
1111111101111110
1111111110000000
1111111110010100
1111111110110110
1111111111100101
0000000000011001
0000000001001010
0000000001101111
0000000010000010
0000000001111101
0000000001100000
0000000000101110
1111111111110010
1111111110111000
1111111110001101
1111111101111101
1111111110001101
1111111110111100
1111111111111110
0000000001000001
0000000001110011
0000000010000011
0000000001101010
0000000000101111
1111111111100100
1111111110100000
1111111101111110
1111111110001011
1111111111000101
0000000000010110
0000000001100000
0000000010000010
0000000001101110
0000000000101001
1111111111010001
1111111110001101
1111111110000000
1111111110110001
0000000000001011
0000000001100000
0000000010000011
0000000001011111
0000000000000110
1111111110101000
1111111101111101
1111111110100000
1111111111111111
0000000001011111
0000000010000011
0000000001010000
1111111111100111
1111111110001110
1111111110000101
1111111111010100
0000000001000100
0000000010000010
0000000001011101
1111111111101111
1111111110001101
1111111110001001
1111111111100111
0000000001011011
0000000010000001
0000000000110101
1111111110111001
1111111101111101
1111111110111010
0000000000111010
0000000010000011
0000000001001011
1111111111001000
1111111101111101
1111111110111001
0000000001000000
0000000010000011
0000000000111000
1111111110101111
1111111110000000
1111111111100100
0000000001101000
0000000001110011
1111111111110100
1111111110000011
1111111110101100
0000000000111110
0000000010000010
0000000000011110
1111111110010011
1111111110011000
0000000000101001
0000000010000011
