0001001001111111
1011110100101111
1100111001010010
0011001010101011
0001101100000110
1100011110000011
1111111110010110
1110110011001111
0001110111001010
1111111001010001
1111110001001100
1110101111010000
1100110101011001
0000001001010000
0001101111110100
0010001010100100
0010101101011110
0001111011010000
0000111110001111
1101011010101110
0111001100110010
0100011111000000
1110001001111011
1101101000100100
1011100111010011
0000110110000111
1111001010010101
0000011101110100
0011000111101000
0001010101011101
1100100111110011
1101010111111001
0000101100101110
0001111101110110
0010111000101001
1110011111111000
1010101101100001
1110110011001110
1100001110101110
0001110110110110
0011001100111010
0011111111010101
1111000101101000
1110000111011101
0000100101111001
1110100111100011
1110111110010011
0010101011100101
0000001110111010
1111011101010001
0000000111010000
0000111111101111
1110100101011000
1101110111000000
1111110011100100
1111011110111100
0001000110100010
0011000011001101
0000110001011011
1110110110010101
0010000000111111
1011010110000111
1110100101011010
1111111100101010
1111110000111001
0101000011111010
0010001110000010
0010101111011101
0001111011000100
1101011010100011
1101100001100010
1111101011000100
1101001111001001
1110100101111001
1111010100111100
0001001110000111
0001000010101011
0000011011100111
0001100010100010
0000000110000001
1100110101111111
0000111100001100
1111101010100010
1111100000001000
1101101111000110
1100001011100001
1101101110101000
0000010001110111
0001010010011011
1110111110100010
0010101111001100
1110101010101010
1110111111100011
0000101100101100
0010001100110000
0010110000100010
0010011110000001
1111110010111011
1111001101100111
1110111100101110
1111000010001011
0000001110100111
1111010101111010
0001010101010100
1111101001000001
1110010111011000
0001000111110110
0000110010101001
1111100100110001
0000001101000011
0000110101110011
1100000011000110
1111101110011001
1111110100111011
0010100111110011
0000010100101011
0010110000101000
1101111111011000
1101110100110011
0000000110011111
0100010011001100
0000011101001101
0000111011000011
1100101001101000
0000011001011100
1111011110110001
1111010111001001
1111001100001111
1100100000001111
0000011010100010
1110011110101000
0010000100111001
1111010000100101
0001110101001110
0000011011101111
0000010100011111
1110110001111011
1101101111110111
1110010000101100
0000011010101010
0010000001110001
1110110010101000
1110100101010111
1100011110101100
1101001010010100
1100101110101000
1110110001111010
1110110000011001
0000111110010001
0000000010110011
0001101100000011
0000110101111101
0011111101000101
0010001101101111
0001111111001110
0001100001100010
1101000000101000
0101000010011101
0001001101101101
0010000010101010
1111001100110001
1101011001111111
1111010001011011
1101001000110000
1110100100111101
1111011010001010
1110111101001101
1110100111010100
1111000111001010
1111101110000101
0011000111001111
0001111001101100
0001101110101100
0001110010111000
1110010000001010
0001100000110000
1110111111010100
1110000010011100
1100010101101010
1110111010011011
1110111101110101
0000001001101110
0000000101010011
0010010100111110
0011100011111011
0001001110110100
0001011001000110
1101101111011110
0000001110001111
1111100101110110
1100100000100101
1111001111001011
0000000001101010
0000011101111010
1111111010110100
0000011011100000
0001110011101010
0001101101111000
1111010101111011
0000100110010000
1101100010101001
0001001111101111
0010001100000000
1110111001101101
0000011101011110
1101011111100011
1111011101000100
1111101100010100
1111111011101000
0010101100100111
0001001100011001
1110101010110101
1101101001101111
1110100011000010
1101101010111000
0000111010111100
0001000101101100
0001000000110111
0011001011101011
1101111000011001
0000011000011000
1111110001101101
0000100011000111
0000010001110111
0001100110011111
1101011101010110
1100101011000111
1101100010100001
1111100010100101
0011000000011010
0000000100100000
1111100111111010
0001100111111101
1110111000110100
1110111100100100
0010110111000011
0010011011010110
1111111110101100
1101111001110001
0000010011001011
0001100111001000
1111001011000111
0000110001111110
1110111000100011
1101011110111001
1110001111011101
0000100011100110
0010101100000001
0000000001011011
1101110101000001
