0001000011000011
1110110100000000
1110111111001011
1111101101000111
0001011010100011
0010100000010101
0000110011000111
1101111110001001
1101100111001100
1110000110000000
0100010110111110
0001101010001010
1111100011100000
1101111000000111
1110010011111001
0000011101010011
1111110000000001
0010101110111100
1110000101010100
1111000111010111
1110111001001111
1110111100100100
0011000001110111
1110011101101000
0000110100111011
0000011001100001
1110001001000101
1110011000100110
0010101111111011
0001011111000010
1110111010111111
1110111100111101
1110110101111011
0010100101101010
1110111100110110
1111110100110100
0000010001111101
0000111101100000
0001000010000111
1101111110100000
1001111000011110
0001101110101011
1110110110100000
0010101010101010
1111100011001011
1110100001100101
1011011011111100
0000001010001000
1111111000000011
0001010011101001
0001011110000000
0010101111000100
0001010010000001
1110000001111101
1101011100000001
1101111100011101
0000001110011001
1111110011110001
0000111111000001
0000010001011110
0110010000111011
0010101101101010
0000100101000101
0010000110100100
1101011101110011
1111111111001001
1111111100010111
0000011101010100
0011111001000000
0001100011011000
0010000101101110
0010010101100100
0001000100010111
1111110110011101
1100110111010010
1110001000100110
1110000111011001
0000111000000000
0000010001010111
0011101011011010
0001011011110101
1111111100110101
0011111100010000
0011011110010101
0011000010101110
0001110001111100
0001000000011101
0001100101110111
1110110110110000
1111000100000100
1110110100001001
1111110010000010
1100110010110110
1111100001100101
0001100111101100
1110111010110000
1110011111000010
0000010000101110
0001010111010100
1111110000110111
0010011000101000
0001011000100111
0100000011111001
0010101010110011
0001010110100111
1101100000101100
1111100101100001
1101101010101000
0001100111011100
0000110000001111
1110111100100111
1111111101100101
1100100111010000
1101000001000100
1110011011001100
0001010101110110
0000111101111001
0000010000100011
1110111010000000
1100011000100011
1111011101011000
1101110011110100
0010001010110111
0000010110111111
1111011001101011
1110001100101011
1101010101010111
1100111100011110
1111111000111111
1110100111110101
1110111011001110
1111111011111000
0001001111111100
1011011101111111
1100000111100001
1100011110111011
0000011111001011
1111010110110011
1101111111110001
1111001111001001
0000110110001110
1011111110101011
0011001000111111
1101101100011010
0000101011011111
0000001110110010
0010010010010100
1111101011011011
0001111101000010
1110110110001010
1111101000100100
0000010110010001
0000001110011010
1101101010001101
0000011011110001
0010001011001100
1110110011110011
1111010000110111
0000000101001010
1101110000111100
1101100001001010
1101100001100110
1110111101111100
1101110110000100
1111110001011001
1111001110010000
0000100000000101
0001100111101101
0000001110011011
0010010000000111
0000100111110000
0000010110100111
1110011101000010
1110110011110110
0000111000101010
1101011000110011
1110011011110111
1111110110111100
0000110100110100
1111111111010101
0001001110000011
0001001101111011
1111110101011001
1111010100101100
1111110001110011
0000001010111110
1111001101111001
1101010110001011
0010100000101000
0011100010110101
0010000100110011
0001011100001011
0001000101110000
0010110111001100
0000010100110110
1110110111000011
1110101100100001
0001001101000100
1111100101101111
1101101111101010
0001010101011100
0000001111011101
0000000011000000
1110111011001110
1101011110111000
0000000011110100
0000101011001001
0010011010010010
0010000011001001
0000110100100001
1111101100000101
0000010010010111
1110111111101011
0000000001111001
0000010011001101
1111010100100001
0010000000111111
1100110010110110
1111111101100101
1111000000111110
1110011101110110
0001001110011111
0000101101000101
0010001010001110
1111001100101001
1100011000010011
1111000110011000
0001001100000011
0000011011111001
0001111000011000
1111101110110100
1111111101010101
0001000011000101
0001111011001110
1111011100100001
0000010110000100
1110111110010101
1111010001111101
1100110011000110
0010010110110010
1111101010001000
1110001101010000
1100100000111111
1101000111010101
1111100111011110
0011000110100101
0000110110000011
1110110100011001
1101100101001010
1100111111011101
