0 4291 4735 0 0
1 -4864 -17105 0 0
2 -4149 -12718 0 0
3 -1209 12971 0 0
4 5795 6918 0 0
5 10261 -14461 0 0
6 3271 -106 0 0
7 -8311 -4913 0 0
8 -9780 7626 0 0
9 -7808 -431 0 0
10 17854 -948 0 0
11 6794 -5168 0 0
12 -1824 -12967 0 0
13 -8697 592 -13 22
14 -6919 7156 33 -45
15 1875 8868 95 -15
16 -1023 11102 -6 97
17 11196 7888 -113 57
18 -7852 3983 -25 -65
19 -3625 -10578 54 -34
20 -4529 29490 57 -2
21 -4316 18368 -18 24
22 12407 -7557 -35 -35
23 -6296 -9692 44 27
24 3387 -17965 12 70
25 1633 3463 -18 5
26 -7611 -3435 -22 -51
27 -6618 1908 7 -54
28 11259 12776 21 11
29 6082 5469 -48 39
30 -4417 -13837 -71 20
31 -4291 -10759 -71 -90
32 -4741 2862 97 -129
33 10602 8054 41 65
34 -4298 11817 -115 72
35 -716 -6152 -61 -37
36 1149 -21663 33 -99
37 3936 -4914 164 -20
38 4231 -15442 62 144
39 -8288 7606 -98 67
40 -25058 13114 -100 -81
41 7083 16341 6 -44
42 -4704 -3736 14 26
43 10922 -7715 15 -21
44 -1845 2425 59 -39
45 -6043 -5661 50 16
46 -18692 -4205 1 104
47 648 10981 -137 51
48 -509 954 -76 -100
49 5353 -2223 128 -118
50 6016 464 150 76
51 11204 4079 34 130
52 5249 -5800 -129 31
53 -8067 -8768 -119 -187
54 -10495 -796 108 -97
55 -8419 -2116 133 88
56 921 4514 -32 211
57 -783 12493 -273 27
58 4033 3163 -139 -327
59 1118 -4715 271 -385
60 25659 8255 487 108
61 11114 -19065 144 533
62 2373 -5798 -409 441
63 8612 -214 -625 -114
64 -10381 -967 -244 -579
65 -55 20730 398 -532
66 -233 9090 695 0
67 1876 11229 377 548
68 15936 7876 -245 585
69 6360 -10589 -620 143
70 8558 -10142 -500 -401
71 9572 -1340 49 -597
72 4375 -11319 515 -273
73 -611 -5767 467 379
74 -12846 -2756 -16 550
75 -7642 4999 -429 225
76 -7719 4267 -353 -231
77 3584 1767 38 -444
78 1111 6306 338 -135
79 15066 385 258 246
80 5877 -12929 -110 386
81 -203 3852 -398 200
82 16144 -1374 -358 -206
83 14229 -2040 -12 -387
84 12462 -9274 276 -210
85 7292 -15647 337 45
86 4125 -9304 187 221
87 6519 1143 -23 181
88 -4688 5275 -105 75
89 -3836 -4190 -87 -7
90 -4855 11212 -28 18
91 -894 -5462 -84 68
92 -13130 -4125 -135 62
93 -1947 2860 -136 -67
94 6636 9008 -105 -157
95 -4432 11298 42 -169
96 -6206 10113 151 -94
97 1070 -837 220 5
98 5588 -3225 240 113
99 -969 -4306 158 241
100 9768 -3957 -39 314
101 5671 935 -254 180
102 16633 -2694 -238 -57
103 10931 5460 -141 -131
104 5543 -1471 -15 -129
105 -10196 -6696 -6 -113
106 -1695 4598 -12 -106
107 -9560 3241 3 -116
108 6620 -1743 56 -174
109 3087 835 212 -148
110 -4313 3443 368 77
111 -155 -16186 269 413
112 -13872 -1127 -111 525
113 -12220 -709 -430 343
114 -6452 10739 -530 -6
115 5494 1323 -341 -242
116 3961 11304 -172 -270
117 1059 -8232 -75 -280
118 -4480 -8909 8 -368
119 -14813 415 163 -344
120 -2216 17612 280 -265
121 -8972 1869 381 -77
122 8887 3779 308 102
123 1471 -13720 155 118
124 -2453 1628 199 26
125 -7381 -2127 245 53
126 -10921 -2615 253 158
127 -12514 -3313 126 301
128 -449 -14321 -22 327
129 -5643 1698 -200 241
130 -4402 -6232 -175 4
131 -264 8505 22 -129
132 5116 -3035 210 -70
133 -18561 7502 265 193
134 -15903 1775 179 375
135 -14405 1311 10 593
136 1995 -4997 -296 617
137 -2637 -9225 -685 425
138 -8207 -7124 -849 -77
139 -3127 1706 -589 -586
140 3470 8305 -43 -749
141 -16469 -4952 453 -440
142 12863 -5801 435 64
143 -9446 -14420 122 260
144 2783 -11628 -168 160
145 946 -13400 -145 -81
146 9364 -4998 -27 -219
147 -1317 -5095 166 -177
148 8002 3985 216 10
149 -4726 179 113 196
150 -1500 6915 -124 163
151 1425 3453 -263 -98
152 922 16197 -162 -366
153 -9587 9071 85 -457
154 1777 8142 340 -477
155 8908 6242 610 -199
156 -4877 -12248 577 77
157 -3017 20637 386 302
158 330 4973 95 337
159 -9156 8362 -184 235
160 -10166 -3279 -377 -70
161 -10138 -10625 -345 -375
162 -4228 -2981 -148 -630
163 -8828 -11728 143 -631
164 -935 -5827 333 -402
165 -3184 -2422 212 -78
166 2053 -4275 -93 -13
167 6637 -5676 -299 -117
168 923 -3638 -350 -261
169 9223 -1147 -247 -456
170 2544 12751 -131 -432
171 1447 7788 50 -363
172 -6334 7084 162 -177
173 -4874 7352 199 35
174 3626 -7158 129 206
175 -10701 6192 -11 254
176 -6409 -4140 -7 92
177 -580 -8036 248 33
178 3380 -14998 517 225
179 -43 -4453 569 586
180 4995 -4235 320 829
181 4987 622 -33 691
182 -679 339 -93 314
183 -2772 9534 139 19
184 -909 14587 527 35
185 702 5044 678 370
186 -3207 5702 379 727
187 -10869 -9250 -187 713
188 10280 911 -775 200
189 14517 -1674 -822 -609
190 8499 -14299 -349 -1106
191 5899 -3125 197 -1027
192 4464 106 309 -578
193 11724 1914 57 -234
194 1334 -332 -234 -168
195 -4669 1760 -288 -253
196 -5343 7402 -139 -196
197 4932 7032 -1 21
198 -1681 -2693 62 212
199 -9238 2448 59 275
200 5468 -10071 153 191
201 989 5103 262 317
202 192 8960 127 528
203 -4402 -4499 -249 588
204 -10312 1886 -715 503
205 244 -10269 -1069 276
206 2761 -2236 -1155 55
207 9874 -1260 -1000 -117
208 8393 -280 -620 -140
209 3361 11047 -149 59
210 -1275 4889 223 443
211 1175 -5451 299 750
212 -4117 -9617 93 816
213 121 -5950 -105 622
214 1229 -9544 -336 315
215 -2783 3772 -463 -54
216 8255 4460 -371 -329
217 -13130 4151 -230 -254
218 -155 13035 -171 121
219 -4034 -8679 -386 579
220 -6282 1560 -661 799
221 5023 -915 -700 726
222 2885 2247 -439 577
223 8846 1143 -21 470
224 -3287 6559 292 449
225 -14829 -10410 283 367
226 -3688 -13625 92 164
227 4867 -10079 -1 -78
228 1785 -1883 47 -84
229 7704 12314 152 207
230 -1100 288 16 465
231 -171 -1542 -285 517
232 4293 6653 -558 170
233 7886 -4556 -679 -210
234 -2271 -4316 -542 -347
235 1412 11715 -299 -180
236 -4203 9942 -35 88
237 -2947 -84 85 126
238 -13114 -8591 190 -212
239 9650 1227 306 -461
240 -1400 6600 280 -327
241 -7344 -3385 129 58
242 -14273 3198 104 408
243 -11819 -4573 316 365
244 -1570 -10311 519 70
245 12709 -7203 289 -252
246 3459 2278 -259 -501
247 -4839 11009 -616 -524
248 -9910 91 -368 -266
249 -12323 -8895 261 -81
250 0 0 646 -200
251 0 0 244 -561
252 0 0 -631 -655
253 0 0 -1220 -430
254 0 0 -731 -121
255 0 0 344 -28
256 0 0 771 -367
257 0 0 -130 -811
258 0 0 -1485 -769
259 0 0 -1493 -153
260 0 0 837 564
261 0 0 4278 739
262 0 0 6117 288
263 0 0 4693 -251
264 0 0 1285 -508
265 0 0 -1453 -498
266 0 0 -1963 -285
267 0 0 -775 223
268 0 0 406 772
269 0 0 369 878
270 0 0 -435 541
271 0 0 -893 -62
272 0 0 -406 -520
273 0 0 401 -586
274 0 0 784 -393
275 0 0 425 -122
276 0 0 -207 57
277 0 0 -389 232
278 0 0 83 390
279 0 0 694 381
280 0 0 775 236
281 0 0 416 -125
282 0 0 10 -564
283 0 0 -209 -1047
284 0 0 -40 -1059
285 0 0 403 -543
286 0 0 813 -104
287 0 0 773 61
288 0 0 343 -113
289 0 0 12 -346
290 0 0 -72 -495
291 0 0 -68 -358
292 0 0 4 38
293 0 0 84 363
294 0 0 -37 291
295 0 0 -342 -96
296 0 0 -564 -361
297 0 0 -310 -459
298 0 0 284 -388
299 0 0 828 -297
300 0 0 857 -220
301 0 0 587 59
302 0 0 347 210
303 0 0 293 46
304 0 0 206 -218
305 0 0 259 -438
306 0 0 215 -462
307 0 0 81 -316
308 0 0 -69 33
309 0 0 -148 309
310 0 0 -279 463
311 0 0 -234 482
312 0 0 -120 286
313 0 0 -144 -4
314 0 0 -377 -43
315 0 0 -459 296
316 0 0 -186 623
317 0 0 159 551
318 0 0 259 148
319 0 0 -18 -247
320 0 0 -341 -349
321 0 0 -307 -173
322 0 0 142 -137
323 0 0 446 -366
324 0 0 538 -598
325 0 0 203 -678
326 0 0 -283 -238
327 0 0 -338 401
328 0 0 -134 703
329 0 0 70 522
330 0 0 -169 39
331 0 0 -814 -94
332 0 0 -1146 310
333 0 0 -846 792
334 0 0 -112 824
335 0 0 584 286
336 0 0 712 -554
337 0 0 255 -1119
338 0 0 -414 -1016
339 0 0 -697 -394
340 0 0 -445 248
341 0 0 67 453
342 0 0 408 339
343 0 0 530 79
344 0 0 281 -194
345 0 0 -172 -49
346 0 0 -360 427
347 0 0 -93 885
348 0 0 455 924
349 0 0 780 462
350 0 0 557 -101
351 0 0 14 -321
352 0 0 -397 -38
353 0 0 -414 353
354 0 0 8 557
355 0 0 472 187
356 0 0 407 -439
357 0 0 -133 -749
358 0 0 -623 -583
359 0 0 -743 -160
360 0 0 -466 186
361 0 0 -89 187
362 0 0 92 -70
363 0 0 -51 -205
364 0 0 -212 -74
365 0 0 -136 269
366 0 0 226 418
367 0 0 625 243
368 0 0 792 -185
369 0 0 528 -499
370 0 0 239 -479
371 0 0 164 -241
372 0 0 305 -203
373 0 0 297 -419
374 0 0 53 -468
375 0 0 -221 -310
376 0 0 -260 51
377 0 0 -47 281
378 0 0 223 289
379 0 0 281 96
380 0 0 231 54
381 0 0 256 91
382 0 0 349 -16
383 0 0 210 -189
384 0 0 17 -182
385 0 0 -151 77
386 0 0 76 387
387 0 0 430 307
388 0 0 577 -48
389 0 0 367 -364
390 0 0 37 -337
391 0 0 -14 1
392 0 0 246 79
393 0 0 450 -188
394 0 0 192 -563
395 0 0 -281 -490
396 0 0 -494 -155
397 0 0 -348 225
398 0 0 0 330
399 0 0 245 230
400 0 0 351 21
401 0 0 307 -185
402 0 0 138 -278
403 0 0 -13 -227
404 0 0 46 -216
405 0 0 2 -228
406 0 0 -28 -329
407 0 0 -255 -332
408 0 0 -445 -115
409 0 0 -448 236
410 0 0 -152 435
411 0 0 112 366
412 0 0 242 127
413 0 0 121 -51
414 0 0 -6 1
415 0 0 -2 74
416 0 0 126 15
417 0 0 97 -126
418 0 0 -73 -150
419 0 0 -103 -47
420 0 0 -193 -14
421 0 0 -172 157
422 0 0 -5 216
423 0 0 196 134
424 0 0 281 -69
425 0 0 133 -247
426 0 0 -29 -237
427 0 0 -135 -114
428 0 0 -110 -9
429 0 0 -52 34
430 0 0 -25 40
431 0 0 -21 22
432 0 0 -58 70
433 0 0 -59 103
434 0 0 15 140
435 0 0 122 63
436 0 0 120 -68
437 0 0 64 -91
438 0 0 -12 -161
439 0 0 -101 -118
440 0 0 -124 6
441 0 0 -24 119
442 0 0 74 74
443 0 0 82 14
444 0 0 44 -18
445 0 0 34 -47
446 0 0 -43 -104
447 0 0 -185 -55
448 0 0 -183 149
449 0 0 26 248
450 0 0 305 87
451 0 0 227 -193
452 0 0 -51 -246
453 0 0 -174 -56
454 0 0 -137 96
455 0 0 -40 148
456 0 0 25 171
457 0 0 151 124
458 0 0 220 -51
459 0 0 91 -250
460 0 0 -179 -219
461 0 0 -259 15
462 0 0 -128 167
463 0 0 79 225
464 0 0 187 52
465 0 0 96 -115
466 0 0 -4 -119
467 0 0 -63 -101
468 0 0 -65 -6
469 0 0 -47 36
470 0 0 -30 91
471 0 0 40 116
472 0 0 78 33
473 0 0 67 -56
474 0 0 19 -81
475 0 0 -15 -76
476 0 0 -68 -29
477 0 0 -43 68
478 0 0 20 66
479 0 0 47 53
480 0 0 89 -74
481 0 0 -72 -139
482 0 0 -115 -1
483 0 0 -51 73
484 0 0 34 99
485 0 0 90 22
486 0 0 45 -37
487 0 0 -30 -79
488 0 0 -24 -52
489 0 0 -9 0
490 0 0 19 42
491 0 0 48 12
492 0 0 -23 -22
493 0 0 -18 7
494 0 0 11 13
495 0 0 -22 -4
496 0 0 -11 58
497 0 0 70 30
498 0 0 11 -66
499 0 0 -88 -63
